26
40
27226
52
10853
65
68
76
46728
77
10943
87
54641
78
6810
96
97
6811
6812
114
51337
53479
138
145
52979
152
153
155
29411
29733
181
52941
189
51319
45627
208
209
6813
132
225
235
244
8040
257
260
261
262
271
272
8045
8261
8260
276
277
52960
283
48888
6816
309
27449
320
6817
323
45267
327
45807
52018
45788
336
348
10901
8062
358
6819
52940
8064
50108
48648
374
49388
54338
52978
383
384
8265
8264
6822
387
389
393
8258
6823
395
396
54978
6824
409
48693
424
53438
442
51037
446
27121
470
48628
51658
450
46747
536
8092
30494
568
574
51538
55363
617
48370
48248
50169
48688
48108
650
50820
50308
54238
706
707
43443
43500
747
50368
49088
766
43723
810
823
833
6830
844
853
834
837
6831
870
50228
51357
51442
888
6833
924
925
49588
50517
951
27388
51598
44927
27122
48369
51117
49408
1022
1041
1046
50269
1056
52958
46987
1070
6834
979
1091
1100
1105
1106
52938
1115
6840
1137
1142
6839
31067
6838
1095
50818
51818
1180
1186
1194
6842
52959
48708
1237
53424
8214
52398
51558
53638
51423
42203
1309
1340
1216
6843
1364
52980
54318
1367
49492
49548
6844
1400
52939
48208
50837
55198
48870
51517
54818
49628
50819
54098
6845
53179
49650
51718
27950
53022
8964
53025
1556
26869
10822
27339
27296
51426
54178
26894
53023
1583
54601
8979
1596
10194
8985
53027
53339
54198
32293
50842
48168
52962
1633
10867
52899
27749
52964
31187
53580
27549
10687
52965
52963
52967
10902
8935
53322
41944
52780
54159
53119
41884
54218
10897
52600
41885
54140
10209
51477
41883
1674
53508
54758
50717
43004
53420
26986
10091
26895
10926
52966
53582
26987
27626
50721
53601
51058
55358
1635
10823
10760
10880
10824
27608
27620
50557
42583
51417
54138
50657
54778
52968
53335
43003
54158
53421
54220
47347
7341
41576
51079
41943
1716
43006
53518
51277
7337
53336
52658
1723
52984
27376
42463
10744
48973
29517
54779
1735
42803
51218
53512
32233
54139
43163
50328
1739
51618
10828
42244
51077
1746
50737
53599
50658
49828
46568
42483
50498
53514
53333
42503
52079
10253
53517
1764
10721
51217
43223
51080
1793
52983
54199
53060
32150
1779
32148
50659
53340
54219
31167
27118
53298
53329
29715
10076
53326
10598
27324
32232
46127
46327
32253
46128
32149
10928
47068
46470
1839
32230
27212
47069
46730
46731
46129
27793
27214
50149
53718
51758
1870
1873
1881
46733
51502
46130
1886
46131
53998
51501
47074
51578
46787
46907
32395
46908
32313
46909
49049
46808
47088
43560
48550
1920
46767
1935
46911
41783
51898
46812
46132
8712
46847
47127
32457
46887
46848
32456
46913
32458
46850
43581
46851
27018
32459
32461
46852
47110
1977
46853
49949
27492
10225
26888
55338
47748
47787
46468
46469
50920
49948
53099
50938
46471
10708
52459
50939
47076
31409
51500
10906
43561
46910
52458
32433
32453
31410
50923
32454
41784
55018
49050
32455
50937
53100
10907
53078
10105
46729
53098
47727
31408
46447
46467
47747
50917
42703
10915
31407
50921
2180
50430
27211
52200
26971
49968
32254
2224
9010
42724
42727
32257
46734
47073
45748
45647
42728
48468
46807
50940
51499
49268
51377
2265
46867
42726
48949
30347
46810
43580
49368
27218
2295
47767
53738
50918
42729
46827
42731
42730
50922
46849
27200
42725
2315
50919
10889
31412
2173
2174
32256
46809
31411
8804
45767
10725
46912
51498
51497
27378
50028
10222
45747
45749
10890
10223
2402
30543
10665
45727
26850
52982
10104
47047
32231
30641
2485
51899
53918
48948
27213
2513
54358
47128
27216
49490
26870
32274
53358
53999
30726
10978
54000
31413
53198
49369
50777
47108
10930
55419
49048
30669
47067
51838
51839
47071
31469
48975
50757
30495
51422
47075
49928
55118
47077
51840
47147
47087
32394
32255
52258
55098
31468
10183
51841
47090
47107
52478
47109
51858
32460
10932
2832
47070
55418
44543
2855
2859
54261
49728
2925
2930
2933
2942
2947
2951
27476
2973
2981
2992
51441
28011
10785
54518
49808
48977
10660
10666
10805
3071
3088
10724
10667
3142
48976
3157
10795
3172
10888
7485
3186
3193
10821
3212
54280
51739
55278
44344
48609
10784
3259
3261
51798
10727
3318
50977
51878
54498
50091
47707
7534
53020
3359
53218
6873
42883
49448
48872
29371
51425
48148
53021
10242
10850
48548
10688
10198
9831
48608
10195
46367
3463
50821
49909
27741
48128
3460
45987
3519
10884
27119
10927
47367
3562
10185
6879
3457
3458
29886
48068
3605
3609
50897
3619
29593
3649
3667
6889
10196
3678
51097
28051
26857
27174
3721
53318
7333
8993
27867
45007
43243
3746
7290
43620
3755
9035
10186
3775
26866
48868
3766
3820
3853
10881
10188
10213
52961
54279
43983
48969
50148
44244
54658
10217
52758
53698
54278
29533
48588
48728
48951
48972
30475
55138
53118
52918
49488
50857
27865
51219
51237
10244
50722
10197
52878
3920
52418
52419
50723
55362
3932
10220
46507
48869
47307
51137
30455
51138
54605
3987
52900
27674
7582
54240
54858
54378
53138
49848
54606
49389
50132
30682
4057
4061
43104
51958
50092
54838
52998
8997
53603
55258
53618
49508
50840
4140
49489
47687
52604
54260
30435
55367
48950
4168
55379
7633
52898
55361
47547
50460
42967
52318
54604
48372
48788
6901
47567
4236
4243
4255
4268
10903
4287
27534
47267
52985
41738
26773
4333
30578
49568
49068
4377
6900
43540
50048
44183
4432
10955
10911
43046
48368
6904
32128
4509
42183
44987
4525
54259
53139
7733
27604
7747
48373
44323
45607
4607
52118
55360
27528
44123
30266
4647
9026
4656
4671
7790
32473
53000
4689
4699
31367
44283
4715
54738
9005
9006
27533
53378
41983
4760
4761
55299
48569
50093
10999
7844
4816
27647
4835
4859
55238
7868
4898
7870
4905
4923
49908
27529
54958
45667
48649
4996
7925
51938
31688
48549
54239
51459
5126
50637
5170
48952
43763
55365
44205
26799
27803
5217
5220
27325
8989
5237
5239
5243
5248
10871
51457
5252
5254
5255
5256
5257
5259
5262
5266
27646
52138
51698
10764
8321
10247
5203
10975
27377
29714
26892
5310
5322
5327
5339
5345
5348
5358
5361
5362
10815
5369
42013
5373
5385
54938
5389
5392
5393
5397
5398
5401
5406
10761
51157
10732
5429
5432
5440
5441
5448
5452
55158
10762
5457
5462
5485
48374
5492
47587
5500
5502
5503
5509
5510
5516
5526
5527
48371
5532
5538
5542
45309
5564
26777
10801
10873
10982
5300
10843
30165
5574
5575
5584
5585
5586
53001
5594
5599
5604
5606
49608
5619
5627
5630
5631
5642
10868
30173
48968
53140
54298
5672
10963
27442
8456
10869
32413
54698
48970
10937
8674
5701
10977
43184
48971
30168
10966
10964
52199
42683
8404
9029
5650
27326
26889
9001
5779
8999
54558
51297
54299
54918
8675
53002
5803
10763
26893
50841
54118
10898
54559
27194
8536
5836
8539
5846
5857
5858
5861
10938
27195
55359
5889
10874
26797
5903
5911
30722
10797
10872
27294
52080
54300
5936
5940
26778
26798
27315
5966
5969
48188
10875
5977
5988
10849
50090
27443
53019
54599
53338
49648
50822
44204
49491
10791
6081
30172
49390
53018
53159
6005
54068
48974
54066
52201
53978
52038
54070
30166
54058
54062
54072
54074
52179
54060
44143
52378
54064
49649
54878
54019
6109
6915
6113
54283
42103
10808
51537
43323
48568
30309
6919
30598
54538
6194
45090
6205
50309
54282
49868
27746
48768
50310
55378
43383
54078
53238
46007
10078
43406
43123
10859
8990
54618
53538
42243
49748
10792
6354
50208
43405
53938
50620
43124
43403
7173
30326
6923
27141
27742
54578
31829
30668
7169
42083
55218
10661
27592
43404
44363
43183
6435
48668
52202
54639
9033
47187
10945
54603
52518
44503
54281
41575
6497
6501
50408
50133
54284
50621
7177
6537
10814
41903
6545
10800
31029
30308
10113
6561
55398
55298
45047
45287
6586
6590
50677
6933
6610
54638
6614
50068
10251
9034
50088
30346
6668
6669
50678
54640
8991
48348
27205
50089
48871
45567
52759
47607
27142
7083
54898
45307
10818
10817
10909
53958
49629
6777
55078
6781
53506
51918
10813
53502
6797
52541